# theta counts-2 err counts-1 err counts-0 err counts1 err counts1 err
7.320000 0.013768 0.002135 0.019476 0.002532 0.039624 0.003575 0.883143 0.005887 0.020148 0.002575 0.011417 0.001947 0.012424 0.002030
7.400000 0.015710 0.002298 0.013320 0.002119 0.036202 0.003452 0.889686 0.005790 0.015710 0.002298 0.015027 0.002248 0.014344 0.002197
7.480000 0.018295 0.002490 0.017604 0.002443 0.029341 0.003135 0.895064 0.005694 0.015878 0.002322 0.011046 0.001942 0.012772 0.002086
7.560000 0.029594 0.003144 0.019959 0.002594 0.038541 0.003571 0.855816 0.006516 0.027873 0.003054 0.011700 0.001995 0.016518 0.002364
7.640000 0.040165 0.003638 0.019911 0.002588 0.059732 0.004391 0.830415 0.006953 0.027806 0.003046 0.010299 0.001871 0.011672 0.001990
7.720000 0.055140 0.004211 0.022805 0.002754 0.062968 0.004481 0.813138 0.007191 0.025528 0.002910 0.010211 0.001855 0.010211 0.001855
7.800000 0.088333 0.005181 0.032000 0.003213 0.048667 0.003928 0.776000 0.007612 0.023000 0.002737 0.015333 0.002243 0.016667 0.002337
7.880000 0.115345 0.005919 0.053210 0.004159 0.070031 0.004728 0.709578 0.008411 0.029180 0.003118 0.010985 0.001931 0.011672 0.001990
7.960000 0.096058 0.005363 0.093408 0.005296 0.087446 0.005141 0.666777 0.008579 0.030474 0.003128 0.013581 0.002106 0.012256 0.002002
8.040000 0.057331 0.004220 0.146293 0.006415 0.136079 0.006224 0.608567 0.008859 0.023064 0.002725 0.010544 0.001854 0.018122 0.002421
8.120000 0.040118 0.003559 0.244656 0.007795 0.149622 0.006468 0.514633 0.009063 0.025649 0.002867 0.011838 0.001961 0.013482 0.002091
8.200000 0.025180 0.002833 0.296272 0.008257 0.124264 0.005965 0.493133 0.009041 0.035644 0.003353 0.008829 0.001692 0.016678 0.002316
8.280000 0.021746 0.002648 0.192092 0.007151 0.203624 0.007310 0.513015 0.009073 0.043822 0.003716 0.013839 0.002121 0.011862 0.001965
8.360000 0.018728 0.002436 0.123668 0.005916 0.412980 0.008847 0.376816 0.008708 0.043913 0.003682 0.014207 0.002127 0.009687 0.001760
8.440000 0.014063 0.002082 0.062500 0.004279 0.605625 0.008639 0.248750 0.007642 0.044062 0.003628 0.010000 0.001759 0.015000 0.002149
8.520000 0.014817 0.002145 0.037201 0.003360 0.567150 0.008797 0.295712 0.008103 0.057377 0.004129 0.014817 0.002145 0.012926 0.002006
8.600000 0.014617 0.002139 0.022879 0.002665 0.371147 0.008612 0.493168 0.008912 0.075628 0.004713 0.011757 0.001921 0.010804 0.001843
8.680000 0.009863 0.001763 0.019090 0.002441 0.192491 0.007032 0.630608 0.008609 0.122494 0.005848 0.011772 0.001924 0.013681 0.002072
8.760000 0.014470 0.002118 0.017301 0.002313 0.132432 0.006012 0.687952 0.008218 0.117332 0.005708 0.016357 0.002250 0.014155 0.002095
8.840000 0.014653 0.002168 0.014328 0.002144 0.158580 0.006592 0.634972 0.008688 0.142299 0.006304 0.020840 0.002578 0.014328 0.002144
8.920000 0.013822 0.002093 0.012536 0.001995 0.076503 0.004765 0.549984 0.008919 0.314047 0.008321 0.022179 0.002640 0.010929 0.001864
9.000000 0.008578 0.001675 0.010228 0.001828 0.063675 0.004435 0.347410 0.008649 0.517981 0.009076 0.035962 0.003382 0.016166 0.002291
9.080000 0.015385 0.002251 0.009365 0.001761 0.052508 0.004079 0.238796 0.007797 0.607692 0.008929 0.060535 0.004361 0.015719 0.002275
9.160000 0.013563 0.002104 0.009262 0.001742 0.039034 0.003523 0.364869 0.008756 0.459808 0.009064 0.095270 0.005340 0.018194 0.002431
9.240000 0.013893 0.002104 0.012924 0.002030 0.056866 0.004163 0.474637 0.008976 0.227464 0.007535 0.192246 0.007083 0.021971 0.002635
9.320000 0.010228 0.001828 0.015506 0.002244 0.040251 0.003570 0.488948 0.009080 0.142197 0.006344 0.278786 0.008145 0.024084 0.002785
9.400000 0.012777 0.002059 0.010760 0.001892 0.033961 0.003321 0.510760 0.009166 0.151311 0.006571 0.245124 0.007888 0.035306 0.003384
9.480000 0.010262 0.001834 0.014896 0.002204 0.030785 0.003143 0.617345 0.008843 0.130751 0.006134 0.148957 0.006478 0.047004 0.003851
9.560000 0.016667 0.002314 0.011765 0.001949 0.032680 0.003214 0.662092 0.008551 0.087582 0.005110 0.094444 0.005287 0.094771 0.005295
9.640000 0.015756 0.002280 0.012739 0.002053 0.033859 0.003312 0.696279 0.008420 0.062018 0.004416 0.072746 0.004755 0.106604 0.005650
9.720000 0.010523 0.001880 0.010183 0.001850 0.019348 0.002538 0.787508 0.007537 0.045825 0.003853 0.034623 0.003368 0.091989 0.005325
9.800000 0.013979 0.002168 0.012274 0.002033 0.020798 0.002635 0.808387 0.007267 0.058302 0.004327 0.031367 0.003219 0.054893 0.004206
9.880000 0.015942 0.002283 0.012288 0.002008 0.028562 0.003036 0.819993 0.007002 0.057124 0.004229 0.024577 0.002822 0.041514 0.003635
9.960000 0.013601 0.002136 0.014281 0.002188 0.022441 0.002731 0.859572 0.006407 0.046243 0.003873 0.018361 0.002476 0.025502 0.002907
10.040000 0.012726 0.002051 0.011721 0.001970 0.016745 0.002348 0.891159 0.005699 0.028801 0.003061 0.014735 0.002205 0.024113 0.002807
10.120000 0.018998 0.002471 0.012447 0.002007 0.024566 0.002802 0.878480 0.005913 0.030462 0.003110 0.018343 0.002429 0.016705 0.002320
10.200000 0.016442 0.002306 0.012825 0.002040 0.015455 0.002237 0.892798 0.005610 0.033213 0.003249 0.012167 0.001988 0.017100 0.002351
10.280000 0.015746 0.002232 0.012211 0.001969 0.022494 0.002658 0.894923 0.005497 0.027635 0.002938 0.011889 0.001943 0.015103 0.002186
10.360000 0.012829 0.002041 0.011513 0.001935 0.018750 0.002460 0.909211 0.005211 0.021382 0.002624 0.013487 0.002092 0.012829 0.002041
