# bcr1 bcr2 mu phi thickness
0.000000 0.558476 0.124086
0.808081 0.558460 0.124087
1.616162 0.558412 0.124091
2.424242 0.558332 0.124096
3.232323 0.558219 0.124104
4.040404 0.558072 0.124113
4.848485 0.557890 0.124123
5.656566 0.557672 0.124133
6.464646 0.557415 0.124144
7.272727 0.557118 0.124157
8.080808 0.556778 0.124214
8.888889 0.556394 0.124275
9.696970 0.555961 0.124337
10.505051 0.555477 0.124399
11.313131 0.554939 0.124461
12.121212 0.554342 0.124521
12.929293 0.553682 0.124578
13.737374 0.552955 0.124629
14.545455 0.552156 0.124672
15.353535 0.551280 0.124707
16.161616 0.550321 0.124729
16.969697 0.549274 0.124738
17.777778 0.548131 0.124731
18.585859 0.546886 0.124704
19.393939 0.545532 0.124656
20.202020 0.544061 0.124630
21.010101 0.542466 0.124671
21.818182 0.540739 0.124690
22.626263 0.538871 0.124683
23.434343 0.536854 0.124647
24.242424 0.534680 0.124580
25.050505 0.532340 0.124477
25.858586 0.530200 0.124336
26.666667 0.528314 0.124151
27.474747 0.526256 0.123921
28.282828 0.524014 0.123828
29.090909 0.521575 0.123680
29.898990 0.518929 0.123473
30.707071 0.516067 0.123204
31.515152 0.512980 0.122873
32.323232 0.509659 0.122481
33.131313 0.506090 0.122027
33.939394 0.502261 0.121573
34.747475 0.498160 0.121197
35.555556 0.493780 0.120733
36.363636 0.489120 0.120177
37.171717 0.485168 0.119535
37.979798 0.481093 0.118814
38.787879 0.476697 0.118019
39.595960 0.471960 0.117150
40.404040 0.466878 0.118087
41.212121 0.461455 0.119751
42.020202 0.455691 0.121658
42.828283 0.449584 0.123480
43.636364 0.443143 0.125327
44.444444 0.436390 0.127257
45.252525 0.429710 0.129113
46.060606 0.423617 0.131205
46.868687 0.417176 0.133085
47.676768 0.410374 0.135248
48.484848 0.403231 0.137116
49.292929 0.395772 0.139380
50.101010 0.388017 0.141295
50.909091 0.380089 0.143540
51.717172 0.372129 0.145514
52.525253 0.364162 0.147688
53.333333 0.356414 0.149671
54.141414 0.361074 0.151730
54.949495 0.368958 0.153722
55.757576 0.373592 0.155407
56.565657 0.381960 0.157521
57.373737 0.386574 0.158732
58.181818 0.395295 0.160678
58.989899 0.399671 0.161801
59.797980 0.408084 0.162928
60.606061 0.412431 0.163830
61.414141 0.420603 0.163771
62.222222 0.425259 0.164293
63.030303 0.432260 0.163485
63.838384 0.436908 0.162514
64.646465 0.442350 0.160939
65.454545 0.447688 0.157672
66.262626 0.449904 0.155203
67.070707 0.455625 0.150865
67.878788 0.455343 0.145291
68.686869 0.459682 0.139828
69.494949 0.459543 0.132471
70.303030 0.458011 0.124354
71.111111 0.457373 0.117509
71.919192 0.448514 0.118569
72.727273 0.446680 0.118692
73.535354 0.436544 0.117546
74.343434 0.425359 0.115029
75.151515 0.415080 0.110580
75.959596 0.397267 0.104377
76.767677 0.402054 0.096117
77.575758 0.411201 0.093707
78.383838 0.416888 0.099488
79.191919 0.416813 0.106737
80.000000 0.411538 0.114206
